1.11074 1.55456 14.46349 3.68834 1.55700 1.51318 -1.26257 0.99301 0.00000
-1.22188 1.56461 7.87900 3.67610 1.54807 1.50242 1.87959 0.99345 0.00000
4.07271 1.78766 6.26592 3.28568 1.56389 1.53983 -1.34956 0.98513 0.00000
-2.64146 1.52252 3.39461 3.79881 1.60447 1.48831 -1.36378 0.94778 0.00000
7.08635 1.46538 33.15761 3.99787 1.65022 1.53849 1.85756 0.95604 0.00000
9.60317 1.52098 40.69156 3.88558 1.60177 1.55665 -1.39679 0.90377 0.00000
1.82848 0.98990 28.42134 3.74124 1.58009 1.57585 -2.75055 0.12040 0.00000
20.04809 1.68775 55.17607 4.08709 1.54739 1.51219 1.63516 0.08695 0.00000
6.76610 0.40218 46.30164 4.24591 1.82081 1.93401 -1.55948 0.00474 0.00000
-4.22116 1.39852 13.20435 3.97233 1.53896 1.51554 1.66224 0.00226 0.00000
9.05115 1.69127 20.03600 3.63581 1.48275 1.59743 -0.53369 0.00174 0.00000
10.00022 1.66896 11.66466 4.21726 1.79663 1.58649 1.83259 0.00270 0.00000
9.09747 1.76522 7.40048 1.68359 4.12973 1.52055 -2.78308 0.00261 0.00000
12.62769 1.49710 54.77796 4.18952 1.60231 1.53261 1.58054 0.00168 0.00000
18.91714 1.88842 39.40239 3.33744 1.52046 1.47643 1.66824 0.00159 0.00000
15.88833 1.80752 36.17010 1.68945 4.21086 1.55727 -1.55508 0.00154 0.00000
26.71958 1.86788 67.39188 4.06053 1.63353 1.52754 1.60286 0.00148 0.00000
-3.29469 1.82340 8.95666 4.12278 1.63096 1.59643 1.53348 0.00234 0.00000
-7.74638 1.17406 15.45548 4.09212 1.60837 1.53456 1.68790 0.00144 0.00000
1.74191 1.24369 32.39117 3.39665 1.62620 1.52413 1.55823 0.00137 0.00000
22.27504 1.75416 52.00836 3.36724 1.54692 1.52055 1.66938 0.00123 0.00000
9.29972 1.59274 43.91241 3.43057 1.57209 1.50481 0.13978 0.00132 0.00000
2.08567 1.17689 37.35718 3.98408 1.70270 1.60506 1.60674 0.00116 0.00000
27.63010 1.84110 64.43126 1.68716 4.25544 1.56403 -1.47282 0.00100 0.00000
-1.69841 1.26573 18.23327 1.62040 3.67422 1.59588 -2.98044 0.00105 0.00000
26.68219 1.82133 59.72800 1.69922 3.41701 1.52373 -1.48062 0.00099 0.00000
16.48846 1.77897 30.74314 3.50280 1.63848 1.48141 1.93359 0.00133 0.00000
-1.44514 1.62554 0.04994 3.45863 1.54435 1.46422 1.66801 0.00089 0.00000
10.36842 1.45120 24.48337 3.41040 1.55579 1.58306 -0.49926 0.00090 0.00000
15.83873 1.66127 27.58390 1.81867 4.45805 1.63965 -1.51343 0.00098 0.00000
4.61191 1.74041 2.27119 3.44200 1.53066 1.46912 -1.08162 0.00152 0.00000
25.18650 1.92747 53.61158 1.63414 3.65108 1.49546 -1.49779 0.00090 0.00000
3.82478 0.75151 34.72036 1.55472 3.60727 1.68073 1.55592 0.00090 0.00000
26.13633 1.83219 55.92247 1.72443 4.40334 1.52087 -1.55523 0.00095 0.00000
13.94445 2.00203 18.60015 1.41738 4.02543 1.48760 -1.56810 0.00075 0.00000
21.54620 2.03579 39.57753 1.45543 3.25576 1.45542 -1.50042 0.00070 0.00000
1.25521 1.30703 22.59539 1.64733 3.58295 1.67091 -3.10812 0.00076 0.00000
18.71777 1.84406 33.21832 3.57200 1.51370 1.53786 -0.03495 0.00056 0.00000
13.39996 1.61612 32.70232 1.64591 4.48076 1.60032 -1.56264 0.00073 0.00000
12.70894 1.14385 61.29169 4.02612 1.64010 1.56818 0.04558 0.00051 0.00000
22.23412 1.43094 55.82304 1.73185 4.16780 1.78751 -0.03455 0.00061 0.00000
22.38482 1.41387 59.07580 1.88773 4.35594 1.67816 -1.61029 0.00061 0.00000
27.48764 1.85488 61.39349 1.62630 3.41855 1.49422 -1.72642 0.00046 0.00000
10.88228 0.66763 56.41505 3.77171 1.89136 2.02143 -1.57907 0.00054 0.00000
8.20165 1.32652 11.92871 3.65697 1.78300 1.94334 -1.58859 0.00048 0.00000
