Car 0.88 3 -0.4188153306629996 0.00 192.37 402.31 374.00 1.6180165786115837 1.592335499143734 3.916983718179264 -2.70 1.74 3.68 -1.0517997369211314 0.89022654
Car 0.00 1 1.6397225270655493 334.85 178.94 624.50 372.04 1.4337381724087905 1.6111412786604309 3.827562706671753 -1.17 1.65 7.86 1.4919526088551687 0.9268405
Car 0.34 3 1.3579184571888785 937.29 197.39 1241.00 374.00 1.4663437347678852 1.6133042772026205 3.675743432842293 3.81 1.64 6.15 1.91256174921394 0.91575
Car 0.00 1 -1.4829534525659422 597.59 176.18 720.90 261.14 1.4750074449746322 1.6655240815789842 3.3524677922354127 1.07 1.55 14.44 -1.4089889060054004 0.9927247
Car 0.00 0 1.62980413536099 741.18 168.83 792.25 208.43 1.5077050573943567 1.6590164054842138 4.209912048779525 7.24 1.55 33.20 1.8445149813738364 0.99482334
Car 0.00 0 -1.589961270862494 884.52 178.31 956.41 240.18 1.4611076567141723 1.5829889618517303 2.7530652453527833 8.48 1.75 19.96 -1.18821793627146 0.99771845
DontCare -1 -1 1.5089441473272185 800.38 163.67 825.45 184.07 1.6168405566184234 1.5773737572790527 4.153396891556778 -1000 -1000 -1000 2.2943423107246668 0.94039536
DontCare -1 -1 1.4063936779883246 859.58 172.34 886.26 194.51 1.5617315325705718 1.6902668730081463 4.170695023737945 -1000 -1000 -1000 2.191791841385773 0.94181913
DontCare -1 -1 1.6294218646970133 801.81 163.96 825.20 183.59 1.5447652734635782 1.7336670526029014 3.984748603902855 -1000 -1000 -1000 2.4148200280944616 0.59345
DontCare -1 -1 -1.8144745687630515 826.87 162.28 845.84 178.86 1.5931871238915634 1.6683764953823232 4.09840199550251 -1000 -1000 -1000 -1.0290764053656032 0.60312486
