4.04598 1.72607 6.29730 3.42334 1.56405 1.49625 -1.30623 0.99746 0.00000
1.07574 1.50885 14.49726 3.68996 1.57233 1.46742 -1.30104 0.98305 0.00000
-1.23700 1.57368 7.87513 3.71738 1.56459 1.49619 1.87272 0.97983 0.00000
-2.69931 1.52098 3.47746 3.70369 1.53984 1.43958 -1.29033 0.88016 0.00000
7.01882 1.47736 33.36649 4.07606 1.64315 1.62045 1.72276 0.88209 0.00000
20.03554 1.67251 55.04887 3.95583 1.55334 1.44443 1.67198 0.41244 0.00000
9.59779 1.49563 40.66228 3.67957 1.59783 1.51426 -1.35512 0.26239 0.00000
8.67591 1.75920 20.26620 3.32031 1.52312 1.45635 -1.27741 0.17425 0.00000
1.73759 1.28891 28.27779 3.34007 1.55898 1.50887 -2.65000 0.17857 0.00000
3.38309 1.26688 31.21977 3.50048 1.55267 1.54545 -1.38412 0.02547 0.00000
6.63927 0.63516 45.98895 3.73070 1.81194 1.84181 -1.56511 0.00448 0.00000
-8.59821 1.36006 16.61566 4.06423 1.51367 1.52361 -2.76591 0.00586 0.00000
9.87932 1.72072 24.27430 3.37419 1.51032 1.51084 -1.32603 0.00193 0.00000
-6.28917 1.32067 9.46647 3.63982 1.59129 1.67088 1.54375 0.00158 0.00000
-4.23214 1.11114 9.68483 1.62730 4.03628 1.67063 0.10905 0.00071 0.00000
